,sex_0,sex_1,cp_0,cp_1,cp_2,cp_3,fbs_0,fbs_1,restecg_0,restecg_1,restecg_2,exang_0,exang_1,slope_0,slope_1,slope_2,ca_0,ca_1,ca_2,ca_3,thal_0,thal_1,thal_2,trestbps,chol,thalach,oldpeak
0,0,1,1,0,0,0,0,1,0,0,1,1,0,0,1,0,0,1,0,0,1,0,0,160,234,131,0.1
1,1,0,1,0,0,0,1,0,1,0,0,1,0,1,0,0,0,0,1,0,1,0,0,140,239,151,1.8
2,1,0,1,0,0,0,1,0,1,0,0,1,0,0,0,1,1,0,0,0,1,0,0,150,226,114,2.6
3,0,1,1,0,0,0,0,1,0,0,1,1,0,0,1,0,0,1,0,0,1,0,0,138,282,174,1.4
4,0,1,1,0,0,0,1,0,0,0,1,0,1,0,1,0,1,0,0,0,1,0,0,110,211,144,1.8
5,0,1,1,0,0,0,1,0,0,0,1,1,0,0,1,0,1,0,0,0,0,0,1,170,227,155,0.6
6,0,1,1,0,0,0,0,1,0,0,1,1,0,0,0,1,1,0,0,0,0,1,0,145,233,150,2.3
7,0,1,1,0,0,0,1,0,1,0,0,1,0,0,1,0,0,0,1,0,1,0,0,134,234,145,2.6
8,1,0,1,0,0,0,1,0,1,0,0,1,0,1,0,0,1,0,0,0,1,0,0,150,240,171,0.9
9,0,1,1,0,0,0,1,0,0,0,1,1,0,0,0,1,1,0,0,0,0,0,1,178,270,145,4.2
10,0,1,1,0,0,0,1,0,0,0,1,1,0,0,1,0,1,0,0,0,0,0,1,170,288,159,0.2
11,0,1,1,0,0,0,1,0,0,0,1,1,0,1,0,0,1,0,0,0,1,0,0,160,273,125,0.0
12,0,1,1,0,0,0,1,0,1,0,0,1,0,1,0,0,0,0,1,0,1,0,0,134,204,162,0.8
13,1,0,1,0,0,0,0,1,0,0,1,1,0,1,0,0,1,0,0,0,1,0,0,150,283,162,1.0
14,0,1,1,0,0,0,1,0,0,0,1,1,0,0,1,0,1,0,0,0,0,0,1,120,193,162,1.9
15,0,1,1,0,0,0,1,0,0,0,1,1,0,0,1,0,1,0,0,0,0,1,0,118,186,190,0.0
16,0,1,1,0,0,0,0,1,1,0,0,1,0,0,1,0,1,0,0,0,0,0,1,152,298,178,1.2
17,0,1,1,0,0,0,1,0,0,0,1,0,1,1,0,0,0,1,0,0,1,0,0,125,213,125,1.4
18,0,1,1,0,0,0,1,0,1,0,0,1,0,0,1,0,1,0,0,0,0,0,1,110,264,132,1.2
19,0,1,1,0,0,0,1,0,0,0,1,1,0,1,0,0,0,0,1,0,1,0,0,148,244,178,0.8
20,0,1,1,0,0,0,1,0,1,0,0,0,1,1,0,0,1,0,0,0,0,0,1,140,199,178,1.4
21,0,1,1,0,0,0,1,0,1,0,0,0,1,0,1,0,1,0,0,0,0,0,1,120,231,182,3.8
22,0,1,1,0,0,0,1,0,0,0,1,1,0,1,0,0,1,0,0,0,1,0,0,118,182,174,0.0
23,1,0,0,1,0,0,1,0,0,0,1,0,1,1,0,0,0,1,0,0,1,0,0,120,269,121,0.2
24,1,0,0,1,0,0,1,0,1,0,0,1,0,1,0,0,0,0,1,0,1,0,0,160,302,162,0.4
25,0,1,0,1,0,0,1,0,0,0,1,1,0,1,0,0,1,0,0,0,1,0,0,156,245,143,0.0
26,0,1,0,1,0,0,1,0,1,0,0,0,1,0,1,0,0,0,0,1,0,1,0,160,246,120,0.0
27,1,0,0,1,0,0,1,0,1,0,0,1,0,1,0,0,0,0,1,0,1,0,0,140,195,179,0.0
28,0,1,0,1,0,0,1,0,0,0,1,1,0,0,1,0,0,1,0,0,0,0,1,120,281,103,1.4
29,0,1,0,1,0,0,0,1,0,0,1,1,0,1,0,0,1,0,0,0,1,0,0,128,208,140,0.0
30,0,1,0,1,0,0,1,0,1,0,0,0,1,1,0,0,1,0,0,0,1,0,0,140,221,164,0.0
31,0,1,0,1,0,0,1,0,0,0,1,1,0,0,1,0,1,0,0,0,1,0,0,120,284,160,1.8
32,1,0,0,1,0,0,0,1,0,0,1,1,0,1,0,0,0,0,1,0,1,0,0,136,319,152,0.0
33,1,0,0,1,0,0,1,0,0,0,1,1,0,0,1,0,0,1,0,0,1,0,0,130,236,174,0.0
34,0,1,0,1,0,0,1,0,1,0,0,1,0,1,0,0,1,0,0,0,0,0,1,124,261,141,0.3
35,0,1,0,1,0,0,1,0,0,0,1,1,0,1,0,0,0,1,0,0,1,0,0,154,232,164,0.0
36,0,1,0,1,0,0,1,0,1,0,0,1,0,0,0,1,1,0,0,0,1,0,0,120,240,169,0.0
37,1,0,0,1,0,0,1,0,0,0,1,1,0,0,1,0,1,0,0,0,1,0,0,140,294,153,1.3
38,0,1,0,1,0,0,1,0,1,0,0,1,0,1,0,0,1,0,0,0,1,0,0,120,236,178,0.8
39,0,1,0,1,0,0,1,0,0,0,1,1,0,1,0,0,1,0,0,0,0,0,1,130,221,163,0.0
40,1,0,0,1,0,0,1,0,0,0,1,1,0,0,1,0,1,0,0,0,1,0,0,135,250,161,1.4
41,0,1,0,1,0,0,1,0,1,0,0,1,0,1,0,0,1,0,0,0,1,0,0,130,262,155,0.0
42,1,0,0,1,0,0,1,0,1,0,0,1,0,1,0,0,1,0,0,0,1,0,0,132,342,166,1.2
43,0,1,0,1,0,0,1,0,1,0,0,1,0,1,0,0,1,0,0,0,0,0,1,108,309,156,0.0
44,1,0,0,1,0,0,0,1,0,0,1,0,1,1,0,0,0,1,0,0,1,0,0,132,288,159,0.0
45,0,1,0,1,0,0,1,0,0,0,1,1,0,1,0,0,0,1,0,0,0,0,1,192,283,195,0.0
46,0,1,0,1,0,0,1,0,1,0,0,1,0,1,0,0,1,0,0,0,1,0,0,120,325,172,0.2
47,0,1,0,1,0,0,1,0,1,0,0,1,0,1,0,0,0,1,0,0,1,0,0,134,201,158,0.8
48,0,1,0,1,0,0,0,1,1,0,0,1,0,1,0,0,1,0,0,0,1,0,0,128,205,184,0.0
49,1,0,0,1,0,0,1,0,1,0,0,1,0,1,0,0,1,0,0,0,1,0,0,120,244,162,1.1
50,1,0,0,1,0,0,1,0,1,0,0,1,0,0,1,0,1,0,0,0,1,0,0,134,271,162,0.0
51,0,1,0,1,0,0,1,0,1,0,0,1,0,1,0,0,1,0,0,0,1,0,0,130,266,171,0.6
52,0,1,0,1,0,0,1,0,1,0,0,1,0,0,0,1,1,0,0,0,0,0,1,110,229,168,1.0
53,0,1,0,1,0,0,1,0,0,0,1,1,0,0,1,0,1,0,0,0,1,0,0,130,245,180,0.2
54,0,1,0,1,0,0,0,1,1,0,0,1,0,1,0,0,1,0,0,0,0,0,1,101,197,156,0.0
55,1,0,0,1,0,0,1,0,1,0,0,1,0,1,0,0,1,0,0,0,1,0,0,105,204,172,0.0
56,1,0,0,1,0,0,1,0,0,0,1,1,0,0,1,0,1,0,0,0,1,0,0,130,234,175,0.6
57,1,0,0,1,0,0,1,0,1,0,0,1,0,0,1,0,1,0,0,0,1,0,0,112,160,138,0.0
58,0,1,0,1,0,0,1,0,0,0,1,1,0,1,0,0,1,0,0,0,1,0,0,128,308,170,0.0
59,0,1,0,1,0,0,1,0,1,0,0,1,0,1,0,0,1,0,0,0,0,0,1,120,263,173,0.0
60,0,1,0,1,0,0,1,0,0,0,1,1,0,1,0,0,1,0,0,0,1,0,0,130,219,188,0.0
61,0,1,0,1,0,0,1,0,1,0,0,1,0,1,0,0,1,0,0,0,1,0,0,120,220,170,0.0
62,0,1,0,1,0,0,1,0,1,0,0,1,0,1,0,0,1,0,0,0,1,0,0,120,295,162,0.0
63,0,1,0,1,0,0,1,0,1,0,0,1,0,0,1,0,1,0,0,0,0,1,0,135,203,132,0.0
64,1,0,0,1,0,0,1,0,0,0,1,1,0,1,0,0,1,0,0,0,1,0,0,130,204,172,1.4
65,1,0,0,1,0,0,1,0,1,0,0,1,0,1,0,0,0,1,0,0,1,0,0,105,198,168,0.0
66,0,1,0,1,0,0,1,0,1,0,0,1,0,1,0,0,1,0,0,0,1,0,0,110,235,153,0.0
67,1,0,0,1,0,0,1,0,1,0,0,1,0,1,0,0,1,0,0,0,1,0,0,126,306,163,0.0
68,0,1,0,1,0,0,1,0,1,0,0,1,0,1,0,0,1,0,0,0,1,0,0,120,157,182,0.0
69,0,1,0,1,0,0,1,0,1,0,0,1,0,1,0,0,1,0,0,0,1,0,0,122,192,174,0.0
70,1,0,0,1,0,0,1,0,1,0,0,1,0,1,0,0,1,0,0,0,1,0,0,118,210,192,0.7
71,0,1,0,1,0,0,1,0,0,0,1,1,0,1,0,0,1,0,0,0,1,0,0,130,204,202,0.0
72,1,0,0,0,1,0,1,0,0,1,0,1,0,0,1,0,1,0,0,0,1,0,0,140,197,116,1.1
73,1,0,0,0,1,0,0,1,0,0,1,1,0,1,0,0,0,1,0,0,1,0,0,110,265,130,0.0
74,0,1,0,0,1,0,1,0,1,0,0,0,1,0,1,0,0,1,0,0,0,0,1,160,269,112,2.9
75,0,1,0,0,1,0,1,0,0,0,1,1,0,0,1,0,0,0,0,1,0,0,1,140,254,146,2.0
76,0,1,0,0,1,0,0,1,0,0,1,0,1,0,1,0,1,0,0,0,0,0,1,180,274,150,1.6
77,1,0,0,0,1,0,1,0,0,0,1,1,0,0,1,0,1,0,0,0,1,0,0,120,211,115,1.5
78,0,1,0,0,1,0,1,0,1,0,0,1,0,1,0,0,0,1,0,0,0,0,1,118,277,151,1.0
79,1,0,0,0,1,0,1,0,0,0,1,1,0,0,1,0,1,0,0,0,0,0,1,115,564,160,1.6
80,0,1,0,0,1,0,1,0,0,0,1,1,0,0,1,0,1,0,0,0,0,0,1,152,212,150,0.8
81,1,0,0,0,1,0,1,0,1,0,0,1,0,1,0,0,0,1,0,0,1,0,0,152,277,172,0.0
82,1,0,0,0,1,0,1,0,0,0,1,1,0,0,1,0,0,1,0,0,1,0,0,146,278,152,0.0
83,1,0,0,0,1,0,0,1,0,0,1,1,0,1,0,0,0,1,0,0,1,0,0,140,417,157,0.8
84,1,0,0,0,1,0,1,0,1,0,0,1,0,1,0,0,1,0,0,0,1,0,0,155,269,148,0.8
85,1,0,0,0,1,0,1,0,0,0,1,1,0,1,0,0,1,0,0,0,1,0,0,160,360,151,0.8
86,0,1,0,0,1,0,1,0,1,0,0,0,1,0,1,0,1,0,0,0,0,0,1,125,309,131,1.8
87,0,1,0,0,1,0,1,0,1,0,0,1,0,1,0,0,1,0,0,0,1,0,0,140,335,158,0.0
88,1,0,0,0,1,0,1,0,1,0,0,1,0,1,0,0,1,0,0,0,0,0,1,140,313,133,0.2
89,1,0,0,0,1,0,1,0,0,0,1,1,0,1,0,0,1,0,0,0,1,0,0,135,252,172,0.0
90,0,1,0,0,1,0,1,0,1,0,0,1,0,0,1,0,0,0,0,1,0,0,1,130,231,146,1.8
91,1,0,0,0,1,0,1,0,1,0,0,1,0,0,1,0,0,1,0,0,0,0,1,130,263,97,1.2
92,0,1,0,0,1,0,0,1,1,0,0,0,1,0,1,0,1,0,0,0,1,0,0,150,243,137,1.0
93,0,1,0,0,1,0,1,0,0,0,1,1,0,0,1,0,1,0,0,0,1,0,0,140,185,155,3.0
94,1,0,0,0,1,0,1,0,1,0,0,1,0,1,0,0,0,1,0,0,1,0,0,102,318,160,0.0
95,1,0,0,0,1,0,0,1,1,0,0,1,0,1,0,0,1,0,0,0,1,0,0,120,178,96,0.0
96,0,1,0,0,1,0,0,1,1,0,0,1,0,0,1,0,0,1,0,0,0,1,0,126,218,134,2.2
97,0,1,0,0,1,0,0,1,1,0,0,1,0,1,0,0,1,0,0,0,1,0,0,150,212,157,1.6
98,0,1,0,0,1,0,1,0,0,0,1,1,0,0,1,0,0,1,0,0,0,0,1,112,230,165,2.5
99,0,1,0,0,1,0,1,0,0,0,1,0,1,0,1,0,1,0,0,0,0,0,1,105,240,154,0.6
100,0,1,0,0,1,0,1,0,0,0,1,1,0,1,0,0,0,0,1,0,0,0,1,132,224,173,3.2
101,1,0,0,0,1,0,1,0,1,0,0,1,0,1,0,0,1,0,0,0,1,0,0,120,340,172,0.0
102,0,1,0,0,1,0,0,1,0,0,1,1,0,1,0,0,1,0,0,0,1,0,0,140,211,165,0.0
103,0,1,0,0,1,0,1,0,0,0,1,1,0,0,1,0,0,1,0,0,0,0,1,128,229,150,0.4
104,0,1,0,0,1,0,1,0,1,0,0,1,0,1,0,0,1,0,0,0,1,0,0,150,168,174,1.6
105,0,1,0,0,1,0,0,1,1,0,0,1,0,1,0,0,0,1,0,0,0,0,1,150,126,173,0.2
106,0,1,0,0,1,0,0,1,0,0,1,0,1,0,1,0,0,1,0,0,0,1,0,130,256,142,0.6
107,0,1,0,0,1,0,1,0,0,0,1,1,0,0,0,1,0,1,0,0,1,0,0,125,273,152,0.5
108,0,1,0,0,1,0,1,0,0,0,1,1,0,0,1,0,1,0,0,0,0,0,1,120,258,147,0.4
109,1,0,0,0,1,0,1,0,1,0,0,1,0,0,1,0,1,0,0,0,1,0,0,110,214,158,1.6
110,1,0,0,0,1,0,0,1,1,0,0,1,0,1,0,0,1,0,0,0,1,0,0,135,304,170,0.0
111,0,1,0,0,1,0,1,0,0,0,1,1,0,1,0,0,1,0,0,0,0,0,1,150,232,165,1.6
112,1,0,0,0,1,0,1,0,0,0,1,1,0,1,0,0,1,0,0,0,1,0,0,108,267,167,0.0
113,1,0,0,0,1,0,1,0,1,0,0,1,0,1,0,0,0,1,0,0,1,0,0,160,201,163,0.0
114,0,1,0,0,1,0,0,1,0,0,1,1,0,0,0,1,1,0,0,0,1,0,0,130,197,152,1.2
115,0,1,0,0,1,0,0,1,0,0,1,1,0,1,0,0,0,0,0,1,1,0,0,130,246,173,0.0
116,1,0,0,0,1,0,1,0,0,0,1,1,0,0,1,0,1,0,0,0,1,0,0,136,196,169,0.1
117,0,1,0,0,1,0,0,1,1,0,0,1,0,1,0,0,1,0,0,0,0,0,1,172,199,162,0.5
118,0,1,0,0,1,0,1,0,1,0,0,0,1,0,1,0,1,0,0,0,1,0,0,100,222,143,1.2
119,0,1,0,0,1,0,0,1,0,0,1,1,0,0,1,0,1,0,0,0,1,0,0,125,245,166,2.4
120,0,1,0,0,1,0,1,0,1,0,0,1,0,1,0,0,1,0,0,0,1,0,0,110,175,123,0.6
121,1,0,0,0,1,0,1,0,0,0,1,1,0,1,0,0,0,1,0,0,1,0,0,140,308,142,1.5
122,1,0,0,0,1,0,1,0,0,0,1,1,0,1,0,0,1,0,0,0,1,0,0,130,256,149,0.5
123,0,1,0,0,1,0,1,0,1,0,0,0,1,1,0,0,0,1,0,0,0,0,1,94,227,154,0.0
124,1,0,0,0,1,0,1,0,0,0,1,1,0,1,0,0,1,0,0,0,1,0,0,120,295,157,0.6
125,1,0,0,0,1,0,1,0,1,0,0,1,0,0,1,0,1,0,0,0,1,0,0,120,219,158,1.6
126,0,1,0,0,1,0,1,0,1,0,0,1,0,0,1,0,0,1,0,0,0,0,1,140,233,163,0.6
127,0,1,0,0,1,0,1,0,1,0,0,1,0,1,0,0,1,0,0,0,1,0,0,129,196,163,0.0
128,0,1,0,0,1,0,1,0,1,0,0,1,0,0,1,0,0,0,0,1,0,0,1,120,188,139,2.0
129,0,1,0,0,1,0,1,0,0,0,1,1,0,1,0,0,0,0,0,1,1,0,0,118,149,126,0.8
130,1,0,0,0,1,0,1,0,1,0,0,1,0,1,0,0,1,0,0,0,1,0,0,130,275,139,0.2
131,0,1,0,0,1,0,0,1,1,0,0,1,0,1,0,0,0,0,1,0,1,0,0,124,255,175,0.0
132,0,1,0,0,1,0,1,0,0,0,1,1,0,1,0,0,1,0,0,0,1,0,0,138,257,156,0.0
133,0,1,0,0,1,0,1,0,1,0,0,1,0,1,0,0,1,0,0,0,1,0,0,108,243,152,0.0
134,0,1,0,0,1,0,1,0,1,0,0,1,0,1,0,0,1,0,0,0,1,0,0,130,253,179,0.0
135,1,0,0,0,1,0,1,0,0,0,1,0,1,0,0,1,1,0,0,0,1,0,0,142,177,160,1.4
136,0,1,0,0,1,0,1,0,1,0,0,1,0,0,1,0,1,0,0,0,1,0,0,150,231,147,3.6
137,1,0,0,0,1,0,1,0,1,0,0,1,0,0,1,0,1,0,0,0,1,0,0,108,141,175,0.6
138,1,0,0,0,1,0,1,0,1,0,0,1,0,0,1,0,0,1,0,0,1,0,0,118,242,149,0.3
139,0,1,0,0,1,0,1,0,1,0,0,0,1,1,0,0,1,0,0,0,1,0,0,130,233,179,0.4
140,0,1,0,0,1,0,1,0,0,0,1,1,0,1,0,0,1,0,0,0,1,0,0,140,235,180,0.0
141,0,1,0,0,1,0,1,0,1,0,0,1,0,1,0,0,1,0,0,0,1,0,0,120,226,169,0.0
142,1,0,0,0,1,0,1,0,1,0,0,1,0,0,1,0,1,0,0,0,1,0,0,122,213,165,0.2
143,0,1,0,0,1,0,1,0,1,0,0,1,0,1,0,0,0,1,0,0,1,0,0,130,315,162,1.9
144,0,1,0,0,1,0,0,1,1,0,0,1,0,0,0,1,1,0,0,0,0,0,1,120,240,194,0.8
145,1,0,0,0,1,0,1,0,1,0,0,1,0,0,1,0,1,0,0,0,1,0,0,120,209,173,0.0
146,0,1,0,0,1,0,1,0,1,0,0,1,0,1,0,0,1,0,0,0,1,0,0,130,180,150,0.0
147,0,1,0,0,1,0,1,0,0,0,1,1,0,0,1,0,1,0,0,0,1,0,0,130,214,168,2.0
148,0,1,0,0,1,0,1,0,1,0,0,1,0,1,0,0,1,0,0,0,1,0,0,112,250,179,0.0
149,1,0,0,0,1,0,1,0,0,0,1,0,1,1,0,0,1,0,0,0,1,0,0,112,268,172,0.0
150,1,0,0,0,1,0,1,0,1,0,0,1,0,0,1,0,1,0,0,0,1,0,0,138,220,152,0.0
151,0,1,0,0,1,0,1,0,0,0,1,1,0,1,0,0,1,0,0,0,1,0,0,140,321,182,0.0
152,1,0,0,0,1,0,1,0,1,0,0,1,0,1,0,0,1,0,0,0,1,0,0,94,199,179,0.0
153,0,1,0,0,1,0,1,0,1,0,0,1,0,0,0,1,1,0,0,0,1,0,0,130,250,187,3.5
154,1,0,0,0,1,0,1,0,1,0,0,1,0,1,0,0,1,0,0,0,1,0,0,120,215,170,0.0
155,0,1,0,0,0,1,1,0,0,0,1,0,1,1,0,0,0,0,0,1,1,0,0,125,304,162,0.0
156,1,0,0,0,0,1,1,0,1,0,0,1,0,0,1,0,1,0,0,0,1,0,0,112,149,125,1.6
157,0,1,0,0,0,1,1,0,1,0,0,0,1,0,0,1,1,0,0,0,0,0,1,145,174,125,2.6
158,0,1,0,0,0,1,1,0,0,0,1,1,0,0,1,0,0,0,0,1,1,0,0,130,322,109,2.4
159,0,1,0,0,0,1,0,1,1,0,0,1,0,0,1,0,0,0,1,0,0,0,1,144,193,141,3.4
160,0,1,0,0,0,1,1,0,0,0,1,0,1,0,1,0,0,0,0,1,1,0,0,160,286,108,1.5
161,0,1,0,0,0,1,1,0,0,0,1,0,1,0,1,0,0,0,1,0,0,0,1,120,229,129,2.6
162,0,1,0,0,0,1,0,1,1,0,0,1,0,0,1,0,0,0,1,0,0,0,1,125,254,163,0.2
163,0,1,0,0,0,1,1,0,0,0,1,0,1,0,1,0,0,0,1,0,1,0,0,100,299,125,0.9
164,0,1,0,0,0,1,1,0,1,0,0,1,0,0,1,0,1,0,0,0,1,0,0,120,237,71,1.0
165,1,0,0,0,0,1,1,0,1,0,0,1,0,1,0,0,0,0,1,0,1,0,0,106,223,142,0.3
166,0,1,0,0,0,1,1,0,0,0,1,1,0,0,1,0,1,0,0,0,1,0,0,120,302,151,0.4
167,1,0,0,0,0,1,0,1,1,0,0,0,1,0,1,0,0,0,1,0,0,0,1,178,228,165,1.0
168,0,1,0,0,0,1,1,0,0,0,1,0,1,1,0,0,0,1,0,0,1,0,0,112,212,132,0.1
169,0,1,0,0,0,1,1,0,0,0,1,1,0,1,0,0,1,0,0,0,0,1,0,160,228,138,2.3
170,1,0,0,0,0,1,1,0,0,0,1,1,0,0,1,0,0,0,0,1,0,0,1,150,225,114,1.0
171,0,1,0,0,0,1,1,0,0,0,1,1,0,0,1,0,0,1,0,0,0,0,1,135,254,127,2.8
172,0,1,0,0,0,1,1,0,1,0,0,1,0,1,0,0,1,0,0,0,0,0,1,120,177,140,0.4
173,0,1,0,0,0,1,1,0,0,0,1,1,0,1,0,0,0,0,1,0,0,1,0,110,248,158,0.6
174,0,1,0,0,0,1,1,0,0,0,1,0,1,0,0,1,0,1,0,0,1,0,0,120,246,96,2.2
175,0,1,0,0,0,1,1,0,0,0,1,1,0,0,1,0,0,0,1,0,0,1,0,145,212,132,2.0
176,1,0,0,0,0,1,1,0,1,0,0,1,0,0,1,0,0,0,1,0,1,0,0,130,303,122,2.0
177,0,1,0,0,0,1,1,0,1,0,0,0,1,0,1,0,0,1,0,0,0,0,1,128,263,105,0.2
178,1,0,0,0,0,1,1,0,1,0,0,0,1,1,0,0,1,0,0,0,1,0,0,180,325,154,0.0
179,0,1,0,0,0,1,1,0,0,0,1,1,0,0,1,0,0,1,0,0,0,0,1,130,254,147,1.4
180,1,0,0,0,0,1,1,0,0,0,1,1,0,0,1,0,0,0,0,1,0,0,1,150,407,154,4.0
181,1,0,0,0,0,1,1,0,1,0,0,0,1,0,1,0,0,0,1,0,1,0,0,108,269,169,1.8
182,1,0,0,0,0,1,1,0,1,0,0,0,1,0,1,0,1,0,0,0,1,0,0,124,197,136,0.0
183,0,1,0,0,0,1,0,1,0,0,1,0,1,1,0,0,0,0,0,1,0,0,1,130,330,132,1.8
184,0,1,0,0,0,1,1,0,0,0,1,0,1,1,0,0,0,0,1,0,0,0,1,140,187,144,4.0
185,1,0,0,0,0,1,1,0,0,0,1,1,0,0,0,1,0,0,1,0,1,0,0,140,268,160,3.6
186,1,0,0,0,0,1,1,0,0,0,1,1,0,0,0,1,0,0,0,1,0,0,1,160,164,145,6.2
187,0,1,0,0,0,1,1,0,1,0,0,0,1,0,1,0,0,0,1,0,0,0,1,120,267,99,1.8
188,1,0,0,0,0,1,1,0,0,0,1,1,0,0,1,0,1,0,0,0,1,0,0,140,394,157,1.2
189,1,0,0,0,0,1,0,1,1,0,0,1,0,0,1,0,0,0,0,1,1,0,0,138,294,106,1.9
190,1,0,0,0,0,1,1,0,1,0,0,0,1,0,1,0,1,0,0,0,1,0,0,150,244,154,1.4
191,1,0,0,0,0,1,1,0,1,0,0,1,0,1,0,0,1,0,0,0,1,0,0,124,209,163,0.0
192,0,1,0,0,0,1,1,0,1,0,0,0,1,0,1,0,0,1,0,0,0,0,1,120,260,140,3.6
193,1,0,0,0,0,1,1,0,0,0,1,0,1,0,1,0,1,0,0,0,0,0,1,145,307,146,1.0
194,0,1,0,0,0,1,1,0,0,0,1,0,1,0,1,0,0,1,0,0,1,0,0,138,166,125,3.6
195,1,0,0,0,0,1,1,0,0,0,1,1,0,1,0,0,1,0,0,0,1,0,0,130,330,169,0.0
196,0,1,0,0,0,1,1,0,0,0,1,0,1,1,0,0,0,1,0,0,0,0,1,140,207,138,1.9
197,0,1,0,0,0,1,1,0,1,0,0,1,0,1,0,0,0,1,0,0,0,0,1,148,203,161,0.0
198,0,1,0,0,0,1,1,0,0,0,1,0,1,0,1,0,0,0,1,0,0,0,1,130,206,132,2.4
199,0,1,0,0,0,1,1,0,0,0,1,0,1,0,1,0,0,0,1,0,0,0,1,145,282,142,2.8
200,0,1,0,0,0,1,1,0,0,0,1,0,1,0,1,0,0,1,0,0,0,0,1,125,258,141,2.8
201,1,0,0,0,0,1,1,0,0,0,1,1,0,0,1,0,0,0,1,0,0,0,1,150,258,157,2.6
202,0,1,0,0,0,1,1,0,0,0,1,1,0,0,1,0,0,0,1,0,0,0,1,140,293,170,1.2
203,0,1,0,0,0,1,0,1,1,0,0,0,1,1,0,0,0,0,1,0,0,0,1,117,230,160,1.4
204,0,1,0,0,0,1,1,0,1,0,0,0,1,1,0,0,0,1,0,0,0,0,1,130,253,144,1.4
205,1,0,0,0,0,1,1,0,0,0,1,1,0,1,0,0,1,0,0,0,1,0,0,158,305,161,0.0
206,0,1,0,0,0,1,1,0,0,0,1,0,1,0,0,1,1,0,0,0,0,0,1,170,326,140,3.4
207,0,1,0,0,0,1,1,0,1,0,0,1,0,0,1,0,1,0,0,0,0,0,1,135,234,161,0.5
208,0,1,0,0,0,1,1,0,0,0,1,0,1,0,1,0,0,1,0,0,0,0,1,110,239,142,1.2
209,1,0,0,0,0,1,1,0,1,0,0,0,1,0,1,0,1,0,0,0,1,0,0,174,249,143,0.0
210,0,1,0,0,0,1,0,1,0,0,1,1,0,0,1,0,0,0,1,0,0,1,0,164,176,90,1.0
211,0,1,0,0,0,1,1,0,1,0,0,0,1,1,0,0,0,1,0,0,0,0,1,140,177,162,0.0
212,0,1,0,0,0,1,1,0,0,0,1,1,0,1,0,0,1,0,0,0,1,0,0,138,271,182,0.0
213,0,1,0,0,0,1,1,0,0,1,0,1,0,0,0,1,0,0,0,1,0,1,0,114,318,140,4.4
214,0,1,0,0,0,1,1,0,0,0,1,0,1,0,1,0,0,0,0,1,0,0,1,128,216,131,2.2
215,1,0,0,0,0,1,1,0,0,0,1,1,0,0,1,0,1,0,0,0,1,0,0,100,248,122,1.0
216,0,1,0,0,0,1,1,0,0,0,1,0,1,0,1,0,0,0,1,0,0,0,1,128,259,130,3.0
217,0,1,0,0,0,1,1,0,1,0,0,1,0,0,1,0,0,1,0,0,0,0,1,146,218,105,2.0
218,1,0,0,0,0,1,1,0,1,0,0,1,0,0,1,0,1,0,0,0,1,0,0,130,197,131,0.6
219,1,0,0,0,0,1,0,1,0,0,1,0,1,0,1,0,0,0,1,0,0,1,0,170,225,146,2.8
220,0,1,0,0,0,1,1,0,0,0,1,0,1,1,0,0,1,0,0,0,0,0,1,150,270,111,0.8
221,0,1,0,0,0,1,1,0,0,0,1,1,0,1,0,0,0,0,1,0,0,0,1,125,300,171,0.0
222,0,1,0,0,0,1,1,0,1,0,0,1,0,1,0,0,0,1,0,0,0,0,1,100,234,156,0.1
223,0,1,0,0,0,1,1,0,1,0,0,1,0,0,1,0,1,0,0,0,0,1,0,140,192,148,0.4
224,0,1,0,0,0,1,1,0,0,0,1,0,1,0,1,0,0,1,0,0,0,1,0,150,276,112,0.6
225,0,1,0,0,0,1,0,1,0,0,1,1,0,0,1,0,0,0,0,1,0,0,1,165,289,124,1.0
226,0,1,0,0,0,1,1,0,1,0,0,0,1,0,1,0,0,1,0,0,0,0,1,152,274,88,1.2
227,0,1,0,0,0,1,1,0,1,0,0,0,1,0,1,0,1,0,0,0,0,1,0,110,201,126,1.5
228,0,1,0,0,0,1,1,0,1,0,0,0,1,0,1,0,0,1,0,0,0,0,1,110,335,143,3.0
229,1,0,0,0,0,1,1,0,1,0,0,0,1,0,1,0,1,0,0,0,0,0,1,140,241,123,0.2
230,0,1,0,0,0,1,1,0,1,0,0,0,1,0,1,0,0,1,0,0,0,0,1,130,131,115,1.2
231,1,0,0,0,0,1,1,0,1,0,0,0,1,1,0,0,1,0,0,0,1,0,0,120,354,163,0.6
232,1,0,0,0,0,1,1,0,0,0,1,1,0,1,0,0,0,1,0,0,1,0,0,128,303,159,0.0
233,0,1,0,0,0,1,1,0,1,0,0,0,1,1,0,0,1,0,0,0,0,0,1,132,207,168,0.0
234,1,0,0,0,0,1,0,1,0,0,1,0,1,0,0,1,0,0,1,0,0,0,1,200,288,133,4.0
235,0,1,0,0,0,1,0,1,0,0,1,0,1,0,0,1,1,0,0,0,0,0,1,130,283,103,1.6
236,0,1,0,0,0,1,0,1,0,0,1,0,1,0,1,0,0,1,0,0,1,0,0,125,249,144,1.2
237,0,1,0,0,0,1,1,0,0,0,1,0,1,0,1,0,0,1,0,0,0,1,0,132,184,105,2.1
238,1,0,0,0,0,1,1,0,0,0,1,0,1,0,1,0,0,0,1,0,0,0,1,134,409,150,1.9
239,0,1,0,0,0,1,1,0,1,0,0,0,1,0,0,1,1,0,0,0,0,0,1,140,217,111,5.6
240,0,1,0,0,0,1,1,0,1,0,0,0,1,0,1,0,0,1,0,0,0,0,1,132,353,132,1.2
241,0,1,0,0,0,1,1,0,0,0,1,0,1,0,1,0,0,1,0,0,0,0,1,160,289,145,0.8
242,1,0,0,0,0,1,1,0,0,1,0,0,1,0,1,0,1,0,0,0,1,0,0,180,327,117,3.4
243,1,0,0,0,0,1,1,0,0,1,0,0,1,0,1,0,0,1,0,0,0,0,1,128,205,130,2.0
244,0,1,0,0,0,1,1,0,0,0,1,0,1,0,1,0,0,1,0,0,0,0,1,124,266,109,2.2
245,0,1,0,0,0,1,1,0,1,0,0,1,0,0,1,0,0,1,0,0,0,0,1,120,188,113,1.4
246,0,1,0,0,0,1,1,0,1,0,0,0,1,0,1,0,0,1,0,0,0,0,1,110,239,126,2.8
247,0,1,0,0,0,1,1,0,0,0,1,0,1,0,1,0,0,1,0,0,1,0,0,110,206,108,0.0
248,0,1,0,0,0,1,1,0,0,0,1,0,1,0,1,0,0,0,1,0,1,0,0,122,286,116,3.2
249,0,1,0,0,0,1,1,0,1,0,0,1,0,1,0,0,1,0,0,0,1,0,0,140,239,160,1.2
250,0,1,0,0,0,1,0,1,0,0,1,0,1,0,0,1,1,0,0,0,0,0,1,140,203,155,3.1
251,1,0,0,0,0,1,1,0,0,0,1,1,0,0,1,0,1,0,0,0,1,0,0,130,264,143,0.4
252,0,1,0,0,0,1,1,0,1,0,0,0,1,0,1,0,0,0,1,0,0,0,1,123,282,95,2.0
253,1,0,0,0,0,1,1,0,0,0,1,1,0,1,0,0,1,0,0,0,1,0,0,138,234,160,0.0
254,0,1,0,0,0,1,1,0,0,0,1,0,1,1,0,0,1,0,0,0,0,0,1,142,226,111,0.0
255,0,1,0,0,0,1,1,0,1,0,0,0,1,1,0,0,0,1,0,0,0,0,1,128,255,161,0.0
256,0,1,0,0,0,1,0,1,1,0,0,1,0,1,0,0,0,0,0,1,0,0,1,108,233,147,0.1
257,0,1,0,0,0,1,1,0,1,0,0,1,0,1,0,0,0,1,0,0,1,0,0,112,230,160,0.0
258,0,1,0,0,0,1,1,0,1,0,0,1,0,1,0,0,0,0,1,0,0,0,1,125,212,168,1.0
259,1,0,0,0,0,1,1,0,1,0,0,0,1,0,1,0,1,0,0,0,0,0,1,130,305,142,1.2
260,0,1,0,0,0,1,1,0,1,0,0,0,1,0,1,0,0,0,0,1,0,0,1,140,298,122,4.2
261,0,1,0,0,0,1,1,0,0,0,1,0,1,1,0,0,1,0,0,0,1,0,0,140,261,186,0.0
262,0,1,0,0,0,1,1,0,1,0,0,0,1,1,0,0,1,0,0,0,0,0,1,140,299,173,1.6
263,0,1,0,0,0,1,1,0,0,0,1,1,0,0,1,0,1,0,0,0,0,0,1,150,243,128,2.6
264,0,1,0,0,0,1,1,0,0,0,1,0,1,0,1,0,1,0,0,0,0,0,1,144,200,126,0.9
265,1,0,0,0,0,1,1,0,0,0,1,1,0,1,0,0,1,0,0,0,1,0,0,110,254,159,0.0
266,1,0,0,0,0,1,1,0,1,0,0,1,0,1,0,0,1,0,0,0,1,0,0,130,269,163,0.0
267,0,1,0,0,0,1,1,0,0,0,1,1,0,0,1,0,1,0,0,0,0,0,1,124,274,166,0.5
268,0,1,0,0,0,1,1,0,0,0,1,1,0,1,0,0,1,0,0,0,1,0,0,122,222,186,0.0
269,0,1,0,0,0,1,0,1,0,0,1,0,1,1,0,0,0,0,1,0,0,0,1,130,256,150,0.0
270,0,1,0,0,0,1,1,0,0,0,1,0,1,0,1,0,0,1,0,0,1,0,0,110,275,118,1.0
271,0,1,0,0,0,1,1,0,1,0,0,1,0,1,0,0,1,0,0,0,1,0,0,112,204,143,0.1
272,1,0,0,0,0,1,1,0,0,0,1,0,1,0,1,0,1,0,0,0,1,0,0,138,243,152,0.0
273,0,1,0,0,0,1,1,0,1,0,0,0,1,0,1,0,0,0,1,0,0,0,1,140,311,120,1.8
274,0,1,0,0,0,1,1,0,0,0,1,1,0,1,0,0,1,0,0,0,0,0,1,120,249,144,0.8
275,0,1,0,0,0,1,1,0,0,0,1,0,1,0,1,0,1,0,0,0,1,0,0,104,208,148,3.0
276,1,0,0,0,0,1,1,0,0,0,1,0,1,0,1,0,1,0,0,0,1,0,0,138,236,152,0.2
277,0,1,0,0,0,1,1,0,0,0,1,0,1,0,1,0,0,0,0,1,0,0,1,142,309,147,0.0
278,0,1,0,0,0,1,1,0,0,0,1,1,0,1,0,0,1,0,0,0,1,0,0,115,260,185,0.0
279,0,1,0,0,0,1,1,0,1,0,0,0,1,0,0,1,1,0,0,0,0,1,0,120,169,144,2.8
280,0,1,0,0,0,1,1,0,0,0,1,1,0,1,0,0,0,1,0,0,1,0,0,112,290,153,0.0
281,0,1,0,0,0,1,1,0,0,0,1,1,0,1,0,0,0,1,0,0,1,0,0,110,197,177,0.0
282,0,1,0,0,0,1,1,0,0,0,1,0,1,0,1,0,1,0,0,0,0,0,1,120,177,120,2.5
283,1,0,0,0,0,1,0,1,0,0,1,0,1,0,1,0,1,0,0,0,0,0,1,132,341,136,3.0
284,0,1,0,0,0,1,1,0,1,0,0,1,0,0,1,0,1,0,0,0,1,0,0,115,303,181,1.2
285,0,1,0,0,0,1,1,0,1,0,0,1,0,1,0,0,1,0,0,0,1,0,0,150,247,171,1.5
286,0,1,0,0,0,1,1,0,1,0,0,1,0,1,0,0,1,0,0,0,0,0,1,110,211,161,0.0
287,1,0,0,0,0,1,1,0,0,0,1,1,0,0,1,0,1,0,0,0,1,0,0,102,265,122,0.6
288,0,1,0,0,0,1,1,0,1,0,0,0,1,0,1,0,1,0,0,0,0,1,0,136,315,125,1.8
289,0,1,0,0,0,1,1,0,1,0,0,1,0,1,0,0,1,0,0,0,1,0,0,140,226,178,0.0
290,0,1,0,0,0,1,1,0,0,0,1,1,0,1,0,0,1,0,0,0,0,0,1,110,172,158,0.0
291,0,1,0,0,0,1,1,0,0,0,1,0,1,0,1,0,1,0,0,0,0,0,1,110,167,114,2.0
292,0,1,0,0,0,1,1,0,1,0,0,1,0,1,0,0,1,0,0,0,0,0,1,152,223,181,0.0
293,0,1,0,0,0,1,1,0,1,0,0,1,0,0,1,0,1,0,0,0,0,0,1,118,219,140,1.2
294,0,1,0,0,0,1,1,0,1,0,0,0,1,0,1,0,1,0,0,0,0,0,1,120,198,130,1.6
295,1,0,0,0,0,1,1,0,1,0,0,1,0,1,0,0,1,0,0,0,1,0,0,138,183,182,1.4
296,0,1,0,0,0,1,1,0,0,0,1,0,1,1,0,0,1,0,0,0,0,0,1,126,282,156,0.0
